,time,x1,y1,z1,x2,y2,z2,accel1,accel2
0,1.59,-60,243,-59,170,107,97,"[-60.0, 243.0, -59.0]","[170, 107, 97]"
1,1.81,-101,406,-13,169,249,185,"[-101.0, 406.0, -13.0]","[169, 249, 185]"
2,2.04,-172,207,-25,181,114,92,"[-172.0, 207.0, -25.0]","[181, 114, 92]"
3,2.26,-126,80,219,102,124,171,"[-126.0, 80.0, 219.0]","[102, 124, 171]"
4,2.48,-121,83,183,42,105,259,"[-121.0, 83.0, 183.0]","[42, 105, 259]"
5,2.71,-57,44,219,11,-13,272,"[-57.0, 44.0, 219.0]","[11, -13, 272]"
6,2.93,-53,-20,247,22,10,263,"[-53.0, -20.0, 247.0]","[22, 10, 263]"
7,3.15,-57,-23,205,48,60,266,"[-57.0, -23.0, 205.0]","[48, 60, 266]"
8,3.37,62,-10,270,23,92,277,"[62.0, -10.0, 270.0]","[23, 92, 277]"
9,3.59,3,12,231,22,90,236,"[3.0, 12.0, 231.0]","[22, 90, 236]"
10,3.81,85,24,245,-6,92,269,"[85.0, 24.0, 245.0]","[-6, 92, 269]"
11,4.04,61,-11,240,2,85,252,"[61.0, -11.0, 240.0]","[2, 85, 252]"
12,4.26,71,0,231,9,113,263,"[71.0, 0.0, 231.0]","[9, 113, 263]"
13,4.48,72,-18,240,-9,96,262,"[72.0, -18.0, 240.0]","[-9, 96, 262]"
14,4.7,98,-16,233,-9,106,254,"[98.0, -16.0, 233.0]","[-9, 106, 254]"
15,4.93,118,-6,236,-89,50,448,"[118.0, -6.0, 236.0]","[-89, 50, 448]"
16,5.15,27,-37,249,161,41,-400,"[27.0, -37.0, 249.0]","[161, 41, -400]"
17,5.37,29,3,266,304,318,-223,"[29.0, 3.0, 266.0]","[304, 318, -223]"
18,5.6,113,-37,213,-4,103,87,"[113.0, -37.0, 213.0]","[-4, 103, 87]"
19,5.82,94,-15,209,77,174,224,"[94.0, -15.0, 209.0]","[77, 174, 224]"
20,6.04,57,26,257,73,123,269,"[57.0, 26.0, 257.0]","[73, 123, 269]"
21,6.26,95,-14,232,9,134,243,"[95.0, -14.0, 232.0]","[9, 134, 243]"
22,6.48,113,-26,224,51,119,264,"[113.0, -26.0, 224.0]","[51, 119, 264]"
23,6.71,122,18,224,61,111,257,"[122.0, 18.0, 224.0]","[61, 111, 257]"
24,6.93,107,-3,194,44,74,248,"[107.0, -3.0, 194.0]","[44, 74, 248]"
25,7.15,92,-16,245,59,111,256,"[92.0, -16.0, 245.0]","[59, 111, 256]"
26,7.37,49,3,240,86,134,248,"[49.0, 3.0, 240.0]","[86, 134, 248]"
27,7.6,38,5,237,63,127,232,"[38.0, 5.0, 237.0]","[63, 127, 232]"
28,7.82,29,32,243,67,136,246,"[29.0, 32.0, 243.0]","[67, 136, 246]"
29,8.04,53,83,229,97,61,221,"[53.0, 83.0, 229.0]","[97, 61, 221]"
30,8.27,71,61,237,105,92,246,"[71.0, 61.0, 237.0]","[105, 92, 246]"
31,8.49,95,103,213,131,49,258,"[95.0, 103.0, 213.0]","[131, 49, 258]"
32,8.71,84,50,237,63,94,250,"[84.0, 50.0, 237.0]","[63, 94, 250]"
33,8.93,51,7,239,93,134,234,"[51.0, 7.0, 239.0]","[93, 134, 234]"
34,9.16,24,18,256,73,121,218,"[24.0, 18.0, 256.0]","[73, 121, 218]"
35,9.38,62,21,298,37,154,283,"[62.0, 21.0, 298.0]","[37, 154, 283]"
36,9.6,119,53,217,122,110,222,"[119.0, 53.0, 217.0]","[122, 110, 222]"
37,9.82,80,54,226,152,89,225,"[80.0, 54.0, 226.0]","[152, 89, 225]"
38,10.05,48,152,242,126,125,239,"[48.0, 152.0, 242.0]","[126, 125, 239]"
39,10.26,82,118,216,67,145,227,"[82.0, 118.0, 216.0]","[67, 145, 227]"
40,10.49,143,-512,511,124,111,349,"[143.0, -512.0, 511.0]","[124, 111, 349]"
41,10.71,-512,-384,-188,-9,162,182,"[-512.0, -384.0, -188.0]","[-9, 162, 182]"
42,10.93,131,8,61,87,133,251,"[131.0, 8.0, 61.0]","[87, 133, 251]"
43,11.16,9,-204,202,103,82,247,"[9.0, -204.0, 202.0]","[103, 82, 247]"
44,11.38,35,-126,130,87,40,261,"[35.0, -126.0, 130.0]","[87, 40, 261]"
45,11.6,171,114,172,77,66,225,"[171.0, 114.0, 172.0]","[77, 66, 225]"
46,11.83,53,40,218,104,80,248,"[53.0, 40.0, 218.0]","[104, 80, 248]"
47,12.05,106,83,205,112,82,253,"[106.0, 83.0, 205.0]","[112, 82, 253]"
48,12.27,109,92,190,112,29,257,"[109.0, 92.0, 190.0]","[112, 29, 257]"
49,12.49,125,33,192,103,71,235,"[125.0, 33.0, 192.0]","[103, 71, 235]"
50,12.71,98,76,211,114,88,224,"[98.0, 76.0, 211.0]","[114, 88, 224]"
51,12.94,81,96,202,118,112,225,"[81.0, 96.0, 202.0]","[118, 112, 225]"
52,13.16,87,94,211,84,96,229,"[87.0, 94.0, 211.0]","[84, 96, 229]"
53,13.38,116,129,220,133,32,257,"[116.0, 129.0, 220.0]","[133, 32, 257]"
54,13.6,148,111,193,138,31,254,"[148.0, 111.0, 193.0]","[138, 31, 254]"
55,13.83,126,87,213,148,40,251,"[126.0, 87.0, 213.0]","[148, 40, 251]"
56,14.05,171,8,208,68,85,255,"[171.0, 8.0, 208.0]","[68, 85, 255]"
57,14.27,69,5,242,116,136,227,"[69.0, 5.0, 242.0]","[116, 136, 227]"
58,14.5,107,36,224,64,117,234,"[107.0, 36.0, 224.0]","[64, 117, 234]"
59,14.72,151,92,195,26,108,272,"[151.0, 92.0, 195.0]","[26, 108, 272]"
60,14.94,193,40,206,-4,155,511,"[193.0, 40.0, 206.0]","[-4, 155, 511]"
61,15.16,451,142,131,-156,511,-346,"[451.0, 142.0, 131.0]","[-156, 511, -346]"
62,15.38,169,20,192,76,249,18,"[169.0, 20.0, 192.0]","[76, 249, 18]"
63,15.61,107,-36,191,-131,206,205,"[107.0, -36.0, 191.0]","[-131, 206, 205]"
64,15.91,-14,133,248,12,64,238,"[-14.0, 133.0, 248.0]","[12, 64, 238]"
65,16.05,100,57,223,107,162,251,"[100.0, 57.0, 223.0]","[107, 162, 251]"
66,16.27,45,0,247,34,153,227,"[45.0, 0.0, 247.0]","[34, 153, 227]"
67,16.5,99,20,252,73,165,214,"[99.0, 20.0, 252.0]","[73, 165, 214]"
68,16.72,69,37,215,116,120,230,"[69.0, 37.0, 215.0]","[116, 120, 230]"
69,16.94,158,67,195,72,123,236,"[158.0, 67.0, 195.0]","[72, 123, 236]"
70,17.17,149,62,194,86,114,240,"[149.0, 62.0, 194.0]","[86, 114, 240]"
71,17.39,164,109,190,92,85,211,"[164.0, 109.0, 190.0]","[92, 85, 211]"
72,17.61,130,98,184,119,93,230,"[130.0, 98.0, 184.0]","[119, 93, 230]"
73,17.83,130,19,188,114,85,250,"[130.0, 19.0, 188.0]","[114, 85, 250]"
74,18.06,96,0,206,123,105,226,"[96.0, 0.0, 206.0]","[123, 105, 226]"
75,18.28,38,-9,225,115,180,160,"[38.0, -9.0, 225.0]","[115, 180, 160]"
76,18.5,61,140,272,154,175,225,"[61.0, 140.0, 272.0]","[154, 175, 225]"
77,18.72,70,82,238,62,162,204,"[70.0, 82.0, 238.0]","[62, 162, 204]"
78,18.94,80,78,220,56,129,227,"[80.0, 78.0, 220.0]","[56, 129, 227]"
79,19.17,126,114,199,72,108,238,"[126.0, 114.0, 199.0]","[72, 108, 238]"
80,19.39,152,177,130,112,102,240,"[152.0, 177.0, 130.0]","[112, 102, 240]"
81,19.61,106,53,120,90,147,209,"[106.0, 53.0, 120.0]","[90, 147, 209]"
82,19.83,309,-66,322,148,132,208,"[309.0, -66.0, 322.0]","[148, 132, 208]"
83,20.06,-34,10,-512,80,80,227,"[-34.0, 10.0, -512.0]","[80, 80, 227]"
84,20.28,442,405,-255,112,180,197,"[442.0, 405.0, -255.0]","[112, 180, 197]"
85,20.5,63,-102,20,94,140,215,"[63.0, -102.0, 20.0]","[94, 140, 215]"
86,20.73,59,-113,176,14,179,222,"[59.0, -113.0, 176.0]","[14, 179, 222]"
87,20.95,40,-94,161,123,112,243,"[40.0, -94.0, 161.0]","[123, 112, 243]"
88,21.17,195,78,195,93,118,237,"[195.0, 78.0, 195.0]","[93, 118, 237]"
89,21.39,163,39,142,91,114,253,"[163.0, 39.0, 142.0]","[91, 114, 253]"
90,21.61,101,73,193,49,113,207,"[101.0, 73.0, 193.0]","[49, 113, 207]"
91,21.84,131,48,200,73,145,217,"[131.0, 48.0, 200.0]","[73, 145, 217]"
92,22.06,136,33,178,73,125,221,"[136.0, 33.0, 178.0]","[73, 125, 221]"
93,22.28,153,45,179,77,127,220,"[153.0, 45.0, 179.0]","[77, 127, 220]"
94,22.5,164,115,205,125,155,217,"[164.0, 115.0, 205.0]","[125, 155, 217]"
95,22.73,121,120,190,99,135,192,"[121.0, 120.0, 190.0]","[99, 135, 192]"
96,22.95,101,59,195,126,110,216,"[101.0, 59.0, 195.0]","[126, 110, 216]"
97,23.17,167,137,176,101,110,214,"[167.0, 137.0, 176.0]","[101, 110, 214]"
98,23.4,151,107,162,140,88,221,"[151.0, 107.0, 162.0]","[140, 88, 221]"
99,23.62,192,119,208,97,133,225,"[192.0, 119.0, 208.0]","[97, 133, 225]"
100,23.84,115,62,193,98,169,200,"[115.0, 62.0, 193.0]","[98, 169, 200]"
101,24.06,122,45,219,55,143,227,"[122.0, 45.0, 219.0]","[55, 143, 227]"
102,24.29,125,66,202,64,158,216,"[125.0, 66.0, 202.0]","[64, 158, 216]"
103,24.51,169,81,188,54,112,219,"[169.0, 81.0, 188.0]","[54, 112, 219]"
104,24.73,132,50,209,96,133,217,"[132.0, 50.0, 209.0]","[96, 133, 217]"
105,24.96,147,78,228,92,131,197,"[147.0, 78.0, 228.0]","[92, 131, 197]"
106,25.18,141,117,150,133,148,194,"[141.0, 117.0, 150.0]","[133, 148, 194]"
107,25.4,102,72,211,-89,183,412,"[102.0, 72.0, 211.0]","[-89, 183, 412]"
108,25.62,89,19,192,226,-90,-512,"[89.0, 19.0, 192.0]","[226, -90, -512]"
109,25.84,138,-36,200,245,332,-156,"[138.0, -36.0, 200.0]","[245, 332, -156]"
110,26.07,113,13,219,-204,0,209,"[113.0, 13.0, 219.0]","[-204, 0, 209]"
111,26.29,108,2,237,-30,256,249,"[108.0, 2.0, 237.0]","[-30, 256, 249]"
112,26.51,119,40,203,46,155,218,"[119.0, 40.0, 203.0]","[46, 155, 218]"
113,26.73,129,44,194,66,131,245,"[129.0, 44.0, 194.0]","[66, 131, 245]"
114,26.96,134,53,212,139,12,260,"[134.0, 53.0, 212.0]","[139, 12, 260]"
115,27.18,142,67,209,7,291,-76,"[142.0, 67.0, 209.0]","[7, 291, -76]"
116,27.4,135,5,240,-4,209,-127,"[135.0, 5.0, 240.0]","[-4, 209, -127]"
117,27.62,128,87,214,23,231,-130,"[128.0, 87.0, 214.0]","[23, 231, -130]"
118,27.84,127,94,198,99,144,-139,"[127.0, 94.0, 198.0]","[99, 144, -139]"
119,28.07,123,62,229,157,143,-151,"[123.0, 62.0, 229.0]","[157, 143, -151]"
120,28.29,125,93,231,225,335,-8,"[125.0, 93.0, 231.0]","[225, 335, -8]"
121,28.51,62,116,203,-30,152,226,"[62.0, 116.0, 203.0]","[-30, 152, 226]"
122,28.74,134,62,173,175,144,268,"[134.0, 62.0, 173.0]","[175, 144, 268]"
123,29.03,95,217,206,170,177,190,"[95.0, 217.0, 206.0]","[170, 177, 190]"
124,29.18,83,225,193,56,131,134,"[83.0, 225.0, 193.0]","[56, 131, 134]"
125,29.4,99,252,156,-1,139,218,"[99.0, 252.0, 156.0]","[-1, 139, 218]"
126,29.63,141,60,82,55,114,266,"[141.0, 60.0, 82.0]","[55, 114, 266]"
127,29.85,174,62,199,68,139,228,"[174.0, 62.0, 199.0]","[68, 139, 228]"
128,30.07,156,-92,283,126,122,258,"[156.0, -92.0, 283.0]","[126, 122, 258]"
129,30.29,435,511,-124,114,138,224,"[435.0, 511.0, -124.0]","[114, 138, 224]"
130,30.51,308,222,-177,74,106,225,"[308.0, 222.0, -177.0]","[74, 106, 225]"
131,30.74,147,-86,229,38,119,231,"[147.0, -86.0, 229.0]","[38, 119, 231]"
132,30.96,73,-107,183,51,117,281,"[73.0, -107.0, 183.0]","[51, 117, 281]"
133,31.18,137,31,200,91,107,287,"[137.0, 31.0, 200.0]","[91, 107, 287]"
134,31.4,194,129,203,56,161,231,"[194.0, 129.0, 203.0]","[56, 161, 231]"
135,31.63,91,87,205,27,135,242,"[91.0, 87.0, 205.0]","[27, 135, 242]"
136,31.85,96,127,200,40,135,231,"[96.0, 127.0, 200.0]","[40, 135, 231]"
137,32.07,100,162,197,66,129,248,"[100.0, 162.0, 197.0]","[66, 129, 248]"
138,32.3,100,101,178,54,140,219,"[100.0, 101.0, 178.0]","[54, 140, 219]"
139,32.52,54,163,257,1,184,259,"[54.0, 163.0, 257.0]","[1, 184, 259]"
140,32.74,103,101,202,-15,139,205,"[103.0, 101.0, 202.0]","[-15, 139, 205]"
141,32.96,234,104,180,-47,146,262,"[234.0, 104.0, 180.0]","[-47, 146, 262]"
142,33.19,114,81,211,65,144,245,"[114.0, 81.0, 211.0]","[65, 144, 245]"
143,33.41,-63,-19,211,19,132,187,"[-63.0, -19.0, 211.0]","[19, 132, 187]"
144,33.63,-24,-68,192,45,140,217,"[-24.0, -68.0, 192.0]","[45, 140, 217]"
145,33.85,81,35,248,25,87,258,"[81.0, 35.0, 248.0]","[25, 87, 258]"
146,34.07,159,60,220,-52,2,274,"[159.0, 60.0, 220.0]","[-52, 2, 274]"
147,34.3,125,104,227,-59,113,273,"[125.0, 104.0, 227.0]","[-59, 113, 273]"
148,34.52,139,72,166,-2,80,270,"[139.0, 72.0, 166.0]","[-2, 80, 270]"
149,34.74,138,150,176,-12,89,278,"[138.0, 150.0, 176.0]","[-12, 89, 278]"
150,34.97,136,247,216,-149,258,373,"[136.0, 247.0, 216.0]","[-149, 258, 373]"
151,35.19,99,75,184,-8,19,-237,"[99.0, 75.0, 184.0]","[-8, 19, -237]"
152,35.41,86,96,202,146,160,129,"[86.0, 96.0, 202.0]","[146, 160, 129]"
153,35.63,30,101,232,219,466,326,"[30.0, 101.0, 232.0]","[219, 466, 326]"
154,35.86,26,79,221,97,83,245,"[26.0, 79.0, 221.0]","[97, 83, 245]"
155,36.08,125,53,218,126,45,313,"[125.0, 53.0, 218.0]","[126, 45, 313]"
156,36.3,157,58,265,101,7,383,"[157.0, 58.0, 265.0]","[101, 7, 383]"
157,36.52,102,56,253,171,99,212,"[102.0, 56.0, 253.0]","[171, 99, 212]"
158,36.74,-46,89,187,43,166,143,"[-46.0, 89.0, 187.0]","[43, 166, 143]"
159,36.97,-57,-63,230,8,163,215,"[-57.0, -63.0, 230.0]","[8, 163, 215]"
160,37.19,59,-28,204,29,55,242,"[59.0, -28.0, 204.0]","[29, 55, 242]"
161,37.41,67,1,215,48,64,228,"[67.0, 1.0, 215.0]","[48, 64, 228]"
162,37.64,116,-42,251,-64,134,228,"[116.0, -42.0, 251.0]","[-64, 134, 228]"
163,37.86,125,61,212,-24,59,253,"[125.0, 61.0, 212.0]","[-24, 59, 253]"
164,38.08,-29,80,230,82,130,292,"[-29.0, 80.0, 230.0]","[82, 130, 292]"
165,38.3,47,172,180,64,84,260,"[47.0, 172.0, 180.0]","[64, 84, 260]"
166,38.53,108,61,209,117,27,299,"[108.0, 61.0, 209.0]","[117, 27, 299]"
167,38.75,53,36,225,69,75,252,"[53.0, 36.0, 225.0]","[69, 75, 252]"
168,38.97,70,65,233,99,91,239,"[70.0, 65.0, 233.0]","[99, 91, 239]"
169,39.19,30,122,193,83,120,227,"[30.0, 122.0, 193.0]","[83, 120, 227]"
170,39.41,96,169,167,49,87,250,"[96.0, 169.0, 167.0]","[49, 87, 250]"
171,39.64,224,62,242,131,99,255,"[224.0, 62.0, 242.0]","[131, 99, 255]"
172,39.86,112,-150,430,28,60,296,"[112.0, -150.0, 430.0]","[28, 60, 296]"
173,40.08,-369,99,-190,80,169,157,"[-369.0, 99.0, -190.0]","[80, 169, 157]"
174,40.3,229,16,-65,44,118,222,"[229.0, 16.0, -65.0]","[44, 118, 222]"
175,40.53,11,-16,222,78,66,263,"[11.0, -16.0, 222.0]","[78, 66, 263]"
176,40.75,204,170,158,126,67,285,"[204.0, 170.0, 158.0]","[126, 67, 285]"
177,41.03,125,116,171,20,95,238,"[125.0, 116.0, 171.0]","[20, 95, 238]"
178,41.2,132,124,173,32,145,252,"[132.0, 124.0, 173.0]","[32, 145, 252]"
179,41.42,55,167,211,69,125,249,"[55.0, 167.0, 211.0]","[69, 125, 249]"
180,41.64,77,110,183,40,114,247,"[77.0, 110.0, 183.0]","[40, 114, 247]"
181,41.86,118,157,195,85,128,272,"[118.0, 157.0, 195.0]","[85, 128, 272]"
182,42.09,108,148,162,46,76,274,"[108.0, 148.0, 162.0]","[46, 76, 274]"
183,42.31,124,127,169,25,81,275,"[124.0, 127.0, 169.0]","[25, 81, 275]"
184,42.53,93,114,183,56,122,251,"[93.0, 114.0, 183.0]","[56, 122, 251]"
185,42.75,103,173,170,35,124,241,"[103.0, 173.0, 170.0]","[35, 124, 241]"
186,42.97,112,134,206,37,128,220,"[112.0, 134.0, 206.0]","[37, 128, 220]"
187,43.2,107,85,175,61,106,275,"[107.0, 85.0, 175.0]","[61, 106, 275]"
188,43.42,159,94,215,-24,85,244,"[159.0, 94.0, 215.0]","[-24, 85, 244]"
189,43.64,138,63,215,-22,239,265,"[138.0, 63.0, 215.0]","[-22, 239, 265]"
190,43.87,101,101,212,93,67,253,"[101.0, 101.0, 212.0]","[93, 67, 253]"
191,44.09,110,147,193,-7,135,272,"[110.0, 147.0, 193.0]","[-7, 135, 272]"
192,44.31,109,128,193,1,122,247,"[109.0, 128.0, 193.0]","[1, 122, 247]"
193,44.53,66,125,266,-18,-2,511,"[66.0, 125.0, 266.0]","[-18, -2, 511]"
194,44.76,112,56,130,-299,367,-272,"[112.0, 56.0, 130.0]","[-299, 367, -272]"
195,44.98,131,49,226,38,150,72,"[131.0, 49.0, 226.0]","[38, 150, 72]"
196,45.2,99,12,211,56,142,259,"[99.0, 12.0, 211.0]","[56, 142, 259]"
197,45.42,24,99,175,45,182,233,"[24.0, 99.0, 175.0]","[45, 182, 233]"
198,45.64,16,246,73,107,193,235,"[16.0, 246.0, 73.0]","[107, 193, 235]"
199,45.87,-19,215,123,91,119,228,"[-19.0, 215.0, 123.0]","[91, 119, 228]"
200,46.09,94,255,81,87,166,213,"[94.0, 255.0, 81.0]","[87, 166, 213]"
201,46.31,-90,184,167,133,85,235,"[-90.0, 184.0, 167.0]","[133, 85, 235]"
202,46.54,48,202,141,133,129,214,"[48.0, 202.0, 141.0]","[133, 129, 214]"
203,46.76,1,161,172,100,62,252,"[1.0, 161.0, 172.0]","[100, 62, 252]"
204,46.98,52,110,233,65,7,260,"[52.0, 110.0, 233.0]","[65, 7, 260]"
205,47.2,96,96,213,71,1,276,"[96.0, 96.0, 213.0]","[71, 1, 276]"
206,47.43,8,123,226,53,54,266,"[8.0, 123.0, 226.0]","[53, 54, 266]"
207,47.65,21,111,209,16,32,272,"[21.0, 111.0, 209.0]","[16, 32, 272]"
208,47.87,68,99,197,67,10,288,"[68.0, 99.0, 197.0]","[67, 10, 288]"
209,48.09,117,50,208,84,52,269,"[117.0, 50.0, 208.0]","[84, 52, 269]"
210,48.32,101,62,201,17,86,236,"[101.0, 62.0, 201.0]","[17, 86, 236]"
211,48.54,37,112,238,158,142,262,"[37.0, 112.0, 238.0]","[158, 142, 262]"
212,48.76,0,143,177,135,110,217,"[0.0, 143.0, 177.0]","[135, 110, 217]"
213,48.98,36,242,178,124,128,230,"[36.0, 242.0, 178.0]","[124, 128, 230]"
214,49.2,16,162,175,75,110,268,"[16.0, 162.0, 175.0]","[75, 110, 268]"
215,49.43,107,204,150,46,72,254,"[107.0, 204.0, 150.0]","[46, 72, 254]"
216,49.65,67,179,126,62,94,242,"[67.0, 179.0, 126.0]","[62, 94, 242]"
217,49.87,182,206,487,111,132,213,"[182.0, 206.0, 487.0]","[111, 132, 213]"
218,50.1,156,105,-75,35,125,211,"[156.0, 105.0, -75.0]","[35, 125, 211]"
219,50.32,125,147,-327,-18,144,227,"[125.0, 147.0, -327.0]","[-18, 144, 227]"
220,50.54,52,-30,-103,46,85,293,"[52.0, -30.0, -103.0]","[46, 85, 293]"
221,50.76,184,120,179,51,23,252,"[184.0, 120.0, 179.0]","[51, 23, 252]"
222,50.99,176,100,166,80,73,254,"[176.0, 100.0, 166.0]","[80, 73, 254]"
223,51.21,119,119,199,53,126,255,"[119.0, 119.0, 199.0]","[53, 126, 255]"
224,51.43,180,139,166,74,171,224,"[180.0, 139.0, 166.0]","[74, 171, 224]"
225,51.65,184,102,119,64,138,225,"[184.0, 102.0, 119.0]","[64, 138, 225]"
226,51.87,124,132,190,76,113,243,"[124.0, 132.0, 190.0]","[76, 113, 243]"
227,52.1,125,119,166,83,107,224,"[125.0, 119.0, 166.0]","[83, 107, 224]"
228,52.32,176,107,186,78,149,241,"[176.0, 107.0, 186.0]","[78, 149, 241]"
229,52.54,95,127,170,98,103,241,"[95.0, 127.0, 170.0]","[98, 103, 241]"
230,52.77,134,102,161,81,129,209,"[134.0, 102.0, 161.0]","[81, 129, 209]"
231,52.99,224,244,206,99,134,254,"[224.0, 244.0, 206.0]","[99, 134, 254]"
232,53.21,99,106,176,126,46,275,"[99.0, 106.0, 176.0]","[126, 46, 275]"
233,53.43,151,113,181,100,74,246,"[151.0, 113.0, 181.0]","[100, 74, 246]"
234,53.66,145,76,197,138,113,226,"[145.0, 76.0, 197.0]","[138, 113, 226]"
235,53.88,73,104,206,93,123,209,"[73.0, 104.0, 206.0]","[93, 123, 209]"
236,54.1,124,171,190,95,106,239,"[124.0, 171.0, 190.0]","[95, 106, 239]"
237,54.32,139,169,171,162,84,246,"[139.0, 169.0, 171.0]","[162, 84, 246]"
238,54.54,119,176,172,104,65,205,"[119.0, 176.0, 172.0]","[104, 65, 205]"
239,54.77,128,125,135,91,123,246,"[128.0, 125.0, 135.0]","[91, 123, 246]"
240,55.06,137,161,202,24,51,372,"[137.0, 161.0, 202.0]","[24, 51, 372]"
241,55.21,161,41,190,196,120,-428,"[161.0, 41.0, 190.0]","[196, 120, -428]"
242,55.44,189,12,187,245,318,-195,"[189.0, 12.0, 187.0]","[245, 318, -195]"
243,55.66,182,71,170,241,416,179,"[182.0, 71.0, 170.0]","[241, 416, 179]"
244,55.88,123,62,186,57,59,216,"[123.0, 62.0, 186.0]","[57, 59, 216]"
245,56.1,109,61,198,116,133,231,"[109.0, 61.0, 198.0]","[116, 133, 231]"
246,56.33,72,110,199,146,52,226,"[72.0, 110.0, 199.0]","[146, 52, 226]"
247,56.55,123,117,179,138,57,269,"[123.0, 117.0, 179.0]","[138, 57, 269]"
248,56.77,82,122,196,134,31,215,"[82.0, 122.0, 196.0]","[134, 31, 215]"
249,56.99,109,163,261,165,49,208,"[109.0, 163.0, 261.0]","[165, 49, 208]"
250,57.22,72,132,217,146,51,204,"[72.0, 132.0, 217.0]","[146, 51, 204]"
251,57.44,140,74,205,114,46,258,"[140.0, 74.0, 205.0]","[114, 46, 258]"
252,57.66,129,162,194,129,31,251,"[129.0, 162.0, 194.0]","[129, 31, 251]"
253,57.88,138,120,148,104,59,253,"[138.0, 120.0, 148.0]","[104, 59, 253]"
254,58.1,99,120,213,144,83,229,"[99.0, 120.0, 213.0]","[144, 83, 229]"
255,58.33,73,139,230,169,56,217,"[73.0, 139.0, 230.0]","[169, 56, 217]"
256,58.55,111,82,176,153,23,253,"[111.0, 82.0, 176.0]","[153, 23, 253]"
257,58.77,103,113,135,141,32,220,"[103.0, 113.0, 135.0]","[141, 32, 220]"
258,59.0,94,188,216,162,92,214,"[94.0, 188.0, 216.0]","[162, 92, 214]"
259,59.22,106,155,179,113,95,207,"[106.0, 155.0, 179.0]","[113, 95, 207]"
260,59.44,121,160,184,146,23,249,"[121.0, 160.0, 184.0]","[146, 23, 249]"
261,59.66,146,99,259,146,30,214,"[146.0, 99.0, 259.0]","[146, 30, 214]"
262,59.89,-38,20,361,136,22,286,"[-38.0, 20.0, 361.0]","[136, 22, 286]"
263,60.11,-18,511,-512,132,-27,253,"[-18.0, 511.0, -512.0]","[132, -27, 253]"
